14 34
000000000000000000000000000000000000
010000000111010000000100000111110000
000000000101100000000110000011000000
000000000010110010100001001000000000
010000000000001000100000001111000100
000000000000000000000000000000000000
001001000000001111100000010001101000
001100000000010011110000100100110000
001101101100010011001011000010000000
000000000100000110000011000010100000
000000000000000000000000000000000000
010100011000000010010000110000000010
001000000000101000100010000000000000
000000000000000000000000000000000000
