14 98
0000001000100000000000000000000000001100011010000000011011010000011100101000000000100000000010100100
0000000000100000000010001001010010000000000001000000000001010110100000010000000100101000000000000000
0010010010000010001010001110001001000000011001000010100000000000100000001000010000000001010000000000
0001000001010000010000100011000000010000101000000101000010100000000000001110000100000001000001000000
0100100000000011010101100000000101000011000000000101101100100110010100101000110101000001010010000000
0000000000010001000000010001100001010010000100100000000000000100001000000000011000101000001000110000
0000010000010110100000000101010101000000000000000100001000000101001100000000000001100000000001000000
0000000000110100000000000010000001000110000100010001100010001000001001010100001101001100000100001000
0000011100011010000101001000000100000010110000100000000000000100010110000010000010001000010001001000
0000000000000000001010000100000001010000000000000000000000000100000100011000000010000100110000101010
0000100001000000000101000010000101010000000000101011001100000100001010001011010001010010011000000010
0000101101000100000100000001000001101010001011010000000000011000001001100010010000001000000010000100
0011001001000010000101000000100000011011101001011010000100000001000000000000000000000010011000100100
0000000001001010101000110000001001000000110000001000000100001000100000100100010100000010000010101000
