13 96
00000000000101100000000000000011000011000000010000011010000010000010100011000000111000101000000000
01000000110100000110001000100101100010010000010010000010000011100000100101011010100100110000110000
00101001000101011010001110100010110000010000000000000111000111010000000000010000100100000100011000
00000001001000110001000011000010000001000001011010101010110100000000100100000010000001010000000110
01010001000100001001000001100100001000000101000010000000001100000110001100100000000000010010000000
00000101000000001110001101000010011010011100000011000100100000110110000011110000010001101000000000
00000010010000000100000010000000000000010000001000001000010000100011000001000000011000000001100100
00010000010100001000000000000000000000000000000101110010010100100000011110010000000010000010001000
00000100100000111000000011010011000000001011000000100010000100000100001100000101000000000000001000
00000000000000100110001000011001001010010000000111000110000100010000000101000010001000010001001000
01000001000001000010001001000010001100011001010101000000001001001010010100010010100001000101001100
00000000010010110000001100000000010110000000011000000001000000010000000000101100000000000001000010
00000001000000010011000100000010000001010011001000100100000110011001001010001000000010001100011000
