11 45
00100010000001000100000001010000100101000000000
00010000001000001000110111010100101110000001100
00100100011000010000010010001110000110010100000
01100000001100010111000010000110100101100100000
01100000000001000000000110110100000100110000000
00100101100010100001100000000000111000010011000
00011001000100000000100000000000010000001000110
00000000000001000100100000100100000101000010100
00010011011000101010010110000100000101000110000
00101101000000001100000101010010010010000011000
00010101000000100000010000010000000000100000000
