9 89
0100000000010001001101000100000001100000010100000101000000111100000010001000001001000000000
0000000011010001100110010000000000010001010000000000111000011000000101000000000000000000000
0000001001010101010000000000000110000000000010000000000000000000010000000100000101011100110
0001100010100101000001001100010000111000000101110011000100100000000000100100000000100000000
0001010010100101010000010000000000000100010010100001001001011010110000000001000111011100010
0011001011000010000000001011000001010010001001101001101101100000101100000001000100000000100
0011010000010110100000001110000100000101000000010000010100000100001001000110101010000111000
0011010000100100101001001011000000110001000101010100101010000000011010110001000000000001000
0110000100000000101011010000011001001001100011110010000001010111000100100001000000101100000
