500
506870 58721
775796 98195
446973 604926
917980 229243
226861 285802
34765 977924
598972 843283
748694 829381
858678 82853
451340 353564
519674 887300
286854 286148
147620 587022
896904 215918
533110 61369
293317 135629
144929 798303
631567 509029
285056 564841
83880 7691
207978 127334
910612 690152
820772 986697
781887 474774
355906 446268
848259 6205
612216 358079
670746 975649
287059 603330
500366 715057
48262 91541
541402 115118
426243 855432
324714 411707
11021 888616
560537 490546
921951 195680
539878 222468
465860 617044
932356 777453
482005 931698
964762 193936
178776 813560
988368 130603
321425 852131
899820 719561
414496 121775
587423 212072
644325 784507
339557 391467
691861 34348
677591 143622
297797 580394
684144 653514
296770 298453
618818 836994
821507 471343
708493 79760
567177 67427
978622 678709
409428 295421
653405 366273
951904 169213
546572 107466
157839 610718
795217 971207
520193 78093
163348 106412
543149 256249
452985 187686
26748 164412
401237 974810
932051 67013
631300 953692
988793 863202
335848 192571
372687 576803
752398 621492
698282 837551
29459 361334
370588 262925
836088 394996
552261 502645
914804 438534
710945 981576
454163 163332
965753 921289
314137 575700
535133 119337
480009 177437
375638 557395
826538 183978
726867 262721
810570 886144
424863 53921
776198 463407
359754 665176
908979 53789
7730 787016
488969 989532
872752 169373
988523 814424
333470 860471
438502 426556
524005 924232
72200 973093
936665 680485
170587 289492
782880 761462
116488 787075
424799 527093
291261 623365
603856 773677
923580 421953
229429 628320
114647 497114
532472 193293
703869 355625
167114 56818
717534 874552
530698 292673
124637 512911
290281 300286
283317 489121
880208 919659
114578 8008
102021 617930
997110 804816
249782 329194
313648 884745
360302 263689
844392 784001
824254 724050
210840 119389
913878 923322
190007 495095
969689 214156
415731 101012
698223 677235
944504 138744
646692 756708
367486 895505
739180 265573
279245 32259
313833 864163
400249 859907
571077 854453
196389 394709
261462 321811
366104 861781
289987 539369
456698 983779
298342 921174
822551 345650
341143 759750
762294 865505
524038 214467
892895 372213
824987 68605
881351 656281
123272 841394
799725 968145
755154 217118
780746 636747
971952 515187
395055 503517
196710 303892
633530 482819
78932 918718
663745 273087
221517 570976
140936 742518
983080 966298
644757 626011
954638 553150
278206 211998
114882 911294
962941 464154
275619 503878
496643 527625
970937 35068
683115 182965
324737 442551
654245 256512
318140 32838
334152 790805
623996 236491
462263 755407
137972 49004
922247 900160
27083 146279
364549 226376
346538 580796
702883 643585
731409 89404
894204 56539
887096 209748
429186 854168
830656 504106
965886 467962
711898 717471
326922 407019
562937 280827
891825 554855
391140 172749
276775 234775
412068 322769
535932 887390
420544 270261
74656 874216
300365 231183
478171 541053
165097 67132
413706 956665
50073 427236
276369 980105
606561 590028
347453 71174
32240 252807
910168 807277
298396 965395
201339 835674
238299 965934
792529 882064
136674 314825
800156 650110
490976 538362
893762 449628
290737 379296
240965 319145
410591 815491
704510 891934
680256 74438
454211 380621
94368 295110
679509 52773
834054 374566
814201 155158
909439 242685
609373 36702
945260 787252
825794 717356
989383 849501
607266 927128
38710 644199
410996 658311
402295 962928
546991 615165
107135 335645
44376 452594
479236 9980
778412 201450
753246 816244
796528 749625
638365 154540
2758 523940
406568 106091
441363 813981
12974 357647
595782 142504
736482 92238
184088 494060
962044 937542
205345 410061
605006 204956
700957 881778
409108 981354
605894 117487
919546 478659
900164 355959
129103 847383
640614 492466
215291 950476
38493 447136
658557 484729
377954 431766
893748 189306
861439 108217
918163 1295
772862 702579
680591 195873
700875 368138
337139 671511
783487 10757
539641 897201
462926 170287
913774 278123
135479 351947
997729 942506
403187 522120
135936 950762
628792 280157
702428 401634
825583 380462
979889 950902
400215 226190
646499 47568
651429 758797
380492 570548
373426 855714
746003 994393
117421 608167
721461 11160
785194 4382
365704 997196
186992 849408
50981 843663
212466 487928
644744 224608
683257 955265
399910 469481
836227 818118
193635 582187
496168 194579
773546 683931
420950 361370
17891 448399
317773 693842
771858 341633
674501 448594
892948 549656
936236 251
908069 259669
920840 682292
391754 999710
146799 498285
849362 821984
989656 355558
124153 210567
76057 515569
895689 146435
369399 141635
525742 197674
96911 423318
261628 671231
939760 147759
476834 546174
315821 317606
387146 544841
539823 352149
147375 303175
49247 527250
866557 792825
472177 420008
400923 807084
264652 975374
651425 846563
402999 127727
651729 890094
555060 510400
583105 760256
926752 505346
965755 183314
853691 83255
776549 946292
162242 302044
828399 995646
156617 662958
973238 874784
582168 634781
381247 386192
301903 217262
574845 238835
342288 723089
463100 219533
127801 775584
293261 448549
223759 172764
520990 981589
224222 282204
274790 290199
804143 238875
494343 365009
968057 382969
177317 980982
385033 981686
219555 267520
932305 413103
663178 777025
797519 774288
375746 987792
854235 217873
403380 763123
405359 173758
319416 180937
562121 443704
547622 265527
702421 756317
713965 683880
832654 997866
878210 37945
732101 251388
972962 512533
452141 916129
501767 992396
660496 860694
975956 68045
27088 550493
334388 675950
742229 477556
369663 423866
443999 756374
55099 656921
819867 879768
843634 546439
320567 747439
821151 304285
363009 79200
715485 987723
926658 981001
969532 919359
338498 482235
615166 649486
149242 81259
615660 180285
314714 323980
577420 522856
32109 166404
845743 867397
669532 700204
733123 574299
643000 131150
752509 977305
170769 252850
477198 893457
267803 475878
433807 820966
784437 347280
461019 538728
893471 192883
854126 527872
345358 145380
101956 626310
40763 52330
731685 840109
165798 386968
776964 761331
541150 671818
336655 940033
616207 879730
257140 321598
317753 394187
244464 807429
699283 100953
306071 665682
601729 394437
948535 849705
832600 913018
779790 195457
157418 20835
185660 560071
689327 245094
302624 36529
578526 764748
302309 784575
199363 237265
244364 211731
122698 551017
704232 450747
407488 723348
252637 561295
725537 399554
435371 978184
419972 418555
906935 497664
801169 680743
645330 578902
342580 345185
135987 174774
733318 122379
401038 493574
831451 33927
824436 193477
800822 754645
226955 174431
773613 539338
826009 938035
346663 271618
339878 799776
312290 64357
338381 891508
700045 789648
927433 98017
107323 376175
379013 177614
444546 307321
109062 539198
26491 35045
750358 242944
131766 604424
468604 539101
159911 735973
689628 857286
112895 176255
599638 731899
359695 564338
586761 616077
401382 560907
610602 749912
567181 859298
